
===============================================================================================================================================================================================================
                                 Model 1    Model 2     Model 3     Model 4    Model 5   Model 6    Model 7  Model 8    Model 9     Model 10  Model 11     Model 12   Model 13    Model 14  Model 15   Model 16
---------------------------------------------------------------------------------------------------------------------------------------------------------------------------------------------------------------
psi(Int)                         -113.50      -82.68      -146.43    -250.05   -103.59    -154.79   -87.84   -122.05    -1138.56    -71.82      -132.50    -100.60      -493.20   -75.66     -70.23    -521.28 
                                 (145.90)    (334.12)    (6039.35)                       (1452.65)           (411.66)               (69.70)   (11470.79)    (90.91)   (19666.15)  (69.82)   (145.56)           
psi(I(Altitude^2))                 40.59       34.73                                        54.54    39.01     61.89      351.93     29.43        48.10      35.92                 23.73      27.86            
                                  (54.72)     (39.66)                                     (386.36)  (36.54)  (225.64)               (26.18)     (163.67)    (32.97)               (22.05)    (20.31)           
psi(Burn.intensity.Canopy)         10.89       10.02        28.66      45.42     16.52      22.00    15.17                                                                84.88                          59.11 
                                  (23.87)     (18.35)     (103.30)   (137.69)   (15.83)   (190.68)  (14.34)                                                             (806.79)                        (63.89)
psi(Distance.to.water)            -25.19                                        -24.96     -36.35                                   -24.53                  -17.49                -11.97               -426.91 
                                  (66.71)                                                 (304.54)                                  (68.12)                 (20.83)               (18.28)                      
psi(Existing.vegetation)          -48.33      -43.99       -67.89     -97.89    -34.87     -50.08   -46.79    -77.10     -569.36    -36.18       -55.88     -51.15      -236.28   -24.41     -39.51    -123.93 
                                 (101.87)     (78.24)    (2759.17)  (3534.66)   (32.88)   (246.99)  (43.81)  (339.62)               (32.81)     (233.05)    (46.64)   (20167.30)  (26.85)    (28.58)   (165.71)
psi(I(Existing.vegetation^2))      37.64       26.35        74.74     127.16     45.83      58.45    22.85     47.03      666.57     23.79        34.69      35.23       206.54    23.82      27.44     167.21 
                                 (144.90)    (101.21)     (927.06)  (1175.20)   (45.59)  (1390.49)  (19.65)  (119.59)               (24.89)      (67.08)    (35.08)    (6799.54)  (26.53)    (22.41)   (184.75)
p(Int)                             -0.58       -0.58        -0.24      -0.33     -0.29      -0.45    -0.45     -0.82 *     -0.68     -0.82 *      -0.69      -0.69        -0.36    -0.69      -0.68      -0.51 
                                   (0.38)      (0.38)       (0.37)     (0.39)    (0.37)     (0.38)   (0.38)    (0.36)      (0.37)    (0.36)       (0.37)     (0.37)       (0.41)   (0.37)     (0.37)     (0.64)
p(Meantemp)                        -0.81 *     -0.81 *                                      -0.72    -0.71     -0.85 *     -0.89 *   -0.85 *      -0.88 *    -0.89 *      -0.29    -0.88 *    -0.89 *          
                                   (0.39)      (0.39)                                       (0.38)   (0.38)    (0.40)      (0.40)    (0.40)       (0.40)     (0.40)       (0.49)   (0.40)     (0.40)           
psi(I(Distance.to.water^2))                   -14.07       -93.53     -45.75                        -21.95    -26.58     -228.09                 -29.65                  -88.45               -9.74            
                                            (1688.32)   (30611.43)                                           (105.36)                         (59885.65)              (40193.28)            (710.98)           
psi(Altitude)                                               63.04     101.25     36.23      14.19     6.17                                                  -12.56       188.33               -9.67     131.54 
                                                          (270.79)   (358.25)   (35.62)   (346.07)   (9.31)                                                 (12.09)    (2071.02)              (7.45)   (141.56)
psi(I(Distance.to.road^2))                                  38.82      60.14     21.71                                                                                   122.20                          77.40 
                                                          (675.05)   (868.35)   (20.66)                                                                                (4945.38)                        (86.03)
p(Meanhum)                                                              0.51                                                                                                                                   
                                                                       (0.37)                                                                                                                                  
psi(Distance.to.road)                                                                                                     144.06                                                                               
                                                                                                                                                                                                               
psi(I(Burn.intensity.Canopy^2))                                                                                                                   20.01                            10.13                       
                                                                                                                                                 (62.77)                          (10.46)                      
p(I(Julian^2))                                                                                                                                                                                            0.20 
                                                                                                                                                                                                         (0.43)
---------------------------------------------------------------------------------------------------------------------------------------------------------------------------------------------------------------
Log Likelihood                    -20.98      -21.01       -21.05     -19.63    -21.52     -20.07   -20.14    -23.15      -21.79    -23.26       -21.85     -21.85       -20.39   -21.93     -21.96     -20.47 
AICc                               61.57       61.63        61.69      61.89     62.65      62.76    62.89     63.03       63.19     63.25        63.30      63.31        63.39    63.47      63.52      63.55 
Delta                               0.00        0.06         0.13       0.32      1.08       1.20     1.33      1.47        1.62      1.68         1.74       1.74         1.82     1.90       1.96       1.99 
Weight                              0.01        0.01         0.01       0.01      0.01       0.01     0.00      0.00        0.00      0.00         0.00       0.00         0.00     0.00       0.00       0.00 
Num. obs.                          49          49           49         49        49         49       49        49          49        49           49         49           49       49         49         49    
===============================================================================================================================================================================================================
*** p < 0.001, ** p < 0.01, * p < 0.05
