
===========================================================================================================================================================
                            Model 1   Model 2    Model 3   Model 4    Model 5    Model 6    Model 7    Model 8    Model 9    Model 10   Model 11  Model 12 
-----------------------------------------------------------------------------------------------------------------------------------------------------------
psi(Int)                     -1.40 *   -1.42 **   -1.26 *   -1.45 **   -1.33 **   -1.31 **   -1.49 **   -1.30 **   -1.59 **   -1.43 **   -1.47 *   -1.20 **
                             (0.61)    (0.49)     (0.50)    (0.47)     (0.43)     (0.45)     (0.57)     (0.48)     (0.54)     (0.48)     (0.57)    (0.45)  
psi(Altitude)                 1.16      0.75       1.10      0.72                             1.20       0.71       0.97                  1.16             
                             (0.68)    (0.51)     (0.58)    (0.49)                           (0.67)     (0.47)     (0.57)                (0.62)            
psi(Burn.intensity.Canopy)    0.83      1.05 *               1.04 *     0.86 *     0.87 *                0.85       1.00 *     0.89 *     0.60      0.73   
                             (0.46)    (0.49)               (0.47)     (0.40)     (0.41)                (0.45)     (0.47)     (0.42)     (0.44)    (0.39)  
psi(Distance.to.road)         1.98 *               1.50 *                                     1.77 *                0.58                  1.28             
                             (1.01)               (0.67)                                     (0.80)                (0.47)                (0.78)            
psi(I(Distance.to.road^2))   -0.44                                                                                                                         
                             (0.30)                                                                                                                        
p(Int)                       -0.07     -0.08       1.08      0.10       0.12      -0.05       1.06       0.90      -0.06      -0.04       0.98      0.94   
                             (0.46)    (0.46)     (0.79)    (0.47)     (0.46)     (0.45)     (0.80)     (0.81)     (0.45)     (0.45)     (0.82)    (0.81)  
p(I(Julian^2))                                    -1.38 *                                    -1.36 *    -1.11                            -1.25     -1.13   
                                                  (0.68)                                     (0.67)     (0.72)                           (0.72)    (0.75)  
p(sdtemp)                                                   -0.65      -0.68                                                                               
                                                            (0.44)     (0.44)                                                                              
psi(Existing.vegetation)                                                                     -0.76                            -0.66                        
                                                                                             (0.57)                           (0.49)                       
-----------------------------------------------------------------------------------------------------------------------------------------------------------
Log Likelihood              -37.49    -40.13     -38.90    -38.99     -40.28     -41.48     -37.85     -39.18     -39.19     -40.44     -37.94    -40.53   
AICc                         88.99     89.16      89.20     89.38      89.47      89.49      89.71      89.76      89.78      89.78      89.88     89.97   
Delta                         0.00      0.17       0.22      0.39       0.48       0.51       0.72       0.77       0.79       0.80       0.90      0.99   
Weight                        0.00      0.00       0.00      0.00       0.00       0.00       0.00       0.00       0.00       0.00       0.00      0.00   
Num. obs.                    49        49         49        49         49         49         49         49         49         49         49        49      
===========================================================================================================================================================
*** p < 0.001, ** p < 0.01, * p < 0.05
