
==============================================================================================================================
                             Model 1        Model 2     Model 3     Model 4     Model 5     Model 6     Model 7     Model 8   
------------------------------------------------------------------------------------------------------------------------------
psi(Int)                        -44.02       -1.04       -0.89      -18.75       -0.50      -26.03       -1.40      -20.09    
                              (9916.29)      (5.60)                 (19.99)      (9.30)     (29.57)      (8.16)     (28.85)   
psi(Altitude)                    31.51       16.78       90.33       13.80       13.49       20.18       19.88       27.69    
                                (60.49)     (19.22)                 (14.34)     (14.15)     (24.03)     (23.39)     (28.21)   
psi(Burn.intensity.Canopy)      -65.01      -32.81      -87.58      -30.13      -26.25      -40.64      -39.57      -23.18    
                               (131.53)     (29.22)                 (31.31)     (23.71)     (42.57)     (40.33)     (22.49)   
psi(I(Distance.to.road^2))       70.37       35.21      152.36       31.85       28.57       44.19       43.10       41.35    
                               (130.48)     (31.52)                 (32.75)     (27.57)     (47.79)     (45.77)     (42.36)   
psi(Distance.to.water)          -77.03                              -33.30                  -45.35                  -33.95    
                             (22682.14)                             (33.07)                 (50.78)                 (59.49)   
psi(Existing.vegetation)        -67.98      -35.05      -99.66      -31.52      -28.02      -43.03      -41.99      -30.46    
                               (128.28)     (32.71)                 (31.28)     (25.17)     (44.56)     (42.53)     (28.84)   
p(Int)                           -1.08 ***   -1.08 ***   -1.01 ***   -1.13 ***   -1.13 ***   -1.10 ***   -1.10 ***   -1.01 ***
                                 (0.29)      (0.29)      (0.29)      (0.30)      (0.30)      (0.30)      (0.30)      (0.29)   
psi(I(Distance.to.water^2))                 -20.37      -62.70                  -17.46                  -24.86                
                                            (18.57)                             (45.31)                 (35.03)               
psi(I(Altitude^2))                                      -47.11                                                       -9.19    
                                                                                                                    (22.91)   
p(sdtemp)                                                             0.48        0.49                                        
                                                                     (0.33)      (0.33)                                       
p(Meanhum)                                                                                   -0.37       -0.37                
                                                                                             (0.29)      (0.29)               
------------------------------------------------------------------------------------------------------------------------------
Log Likelihood                  -35.71      -35.88      -34.81      -34.86      -34.91      -34.95      -34.95      -35.18    
AICc                             88.16       88.48       89.22       89.31       89.41       89.49       89.51       89.97    
Delta                             0.00        0.33        1.06        1.16        1.26        1.34        1.35        1.81    
Weight                            0.02        0.02        0.01        0.01        0.01        0.01        0.01        0.01    
Num. obs.                        49          49          49          49          49          49          49          49       
==============================================================================================================================
*** p < 0.001, ** p < 0.01, * p < 0.05
